
--- Training start on 2023-09-03 -----
--- Batch 1 ---

[189226, [2.8124793879287004, 3.4678425709231835, -7.939894985923168, -4.204742876626478, -1.088188412571931, -8.558812523669895, 1.533966146291558, -7.377511657833011]]
[90108, [4.504164283460643, -7.910118929457715, -9.498047026801114, 7.73174104139148, -4.69405724373723, 7.871848681865188, -8.33796613358048, -5.294162819964015]]
[58113, [-3.053931304199602, -2.6907312371843055, -8.927038329134295, -8.320965354243718, -2.758247074920506, -3.174415837813516, 4.154475146520086, -5.187824256174462]]
[28073, [3.6988489743353945, -8.207186895745195, -3.2470881212500524, 7.968750626473984, -6.5755002272302665, -2.731039627499352, -8.031217118745664, -2.459018473433485]]
[30, [-4.857561854702794, 9.577736196752259, -4.865535497521776, -4.186628722699162, -0.4563803256151484, -3.590859967352924, -5.2173955619989005, 6.458342657221479]]
[27, [-4.555195366608293, -8.632621113632307, -0.009080695424755092, -2.2595792179122327, 2.3339891883992436, -8.196720244842862, 5.474181499626422, -1.5675597185614176]]
[23, [-8.187703046796699, 7.869406940220909, -7.090616459619879, -8.497463761815887, 4.8740460484679, -8.454362248214382, 8.611527666580308, -6.134226056632583]]
[21, [-3.1451047702243358, 8.1896127340258, -3.921277417682205, 7.11580555599209, -4.958638575312584, -4.674712749076808, -9.08751342798508, 7.900612604922351]]
[21, [-9.927181207235316, -9.637599716498212, -1.585717256188051, 7.2272772857205325, 1.063048357961371, -3.5687521663901673, 0.6586732165746074, 3.896401531064269]]
[20, [3.482599361619501, -3.189296142631579, -5.923534536521977, 7.233516914727623, 7.816889694369738, 1.4488726690779394, 9.903133331838564, -0.94388925118289]]
[19, [-6.017359406196041, -7.188658810218693, -4.353123678590951, 4.117099440548078, 5.7215967773317296, -7.634217836347941, 7.261865143361565, -5.3486041858102285]]
[18, [2.2970296848129674, -8.76245559039072, -4.778418978720205, 0.5058573336651477, -7.509148217934114, 8.095581864339302, 7.551292314829912, 4.156338646401846]]
[18, [-5.484587183401091, -7.677019107448675, 1.7477658761478825, 4.90897319638526, 0.7012303835178475, 2.7320966052696463, 3.176355448774853, -7.086366016790901]]
[17, [-0.5254476951184017, -4.470344407174389, -6.800526859353539, 5.957527371243909, 2.998127266285028, 4.777482201540344, 9.304226769218229, 6.403267214479104]]
[17, [-2.8255139256791484, -6.364937808539595, -8.864224571894768, -0.9560103158894329, 9.392330219344082, -3.2437236678659804, -2.086910683574499, 8.253727322734374]]
[14, [-3.414168785038811, -0.8571572974749309, 9.575442608971898, -6.977048200240652, -5.176192719309471, 4.390456834969964, 7.700718984196165, 9.354786643155744]]
[14, [-9.335331477592767, 3.1361634034139136, 6.5293866858520495, -1.3923847578205368, -5.306592144404927, -3.0949977585319495, -8.238816617449478, 3.708639710693058]]
[13, [-3.503278934461709, 2.318226531310801, 6.499514726894727, 1.6814573147356722, -6.753424491320166, -0.04286695083061076, -5.414273192185027, 1.0105199954699717]]
[12, [-6.734311965097892, -1.6556368413020284, 6.478902844421807, 1.8595501225642241, 7.348614647815317, 9.643020157447438, -8.932210406320431, -0.10886218436558792]]
[12, [-4.974034721256935, -4.550253387119215, 1.4108475329045191, 1.800500560963492, -4.543443047804924, 4.929245634116597, -4.61738950173276, 3.230079329286106]]
average: [-2.0684964387375264, -2.804388107747117, -4.799438140470293, 1.806940630917902, -0.18080231149920875, -1.83271508422253, 1.9254003172361414, -0.8988714130209959]
train for generation 1 take 52.05785393714905 seconds
--- Batch 2 ---

[1334000, [4.504164283460643, 3.4678425709231835, -9.498047026801114, -4.204742876626478, -4.69405724373723, 7.871848681865188, -8.33796613358048, -5.294162819964015]]
[238237, [-3.053931304199602, -2.6907312371843055, -8.927038329134295, -8.320965354243718, -2.758247074920506, -3.174415837813516, 4.154475146520086, -5.187824256174462]]
[168214, [2.8124793879287004, 3.4678425709231835, -9.498047026801114, -4.204742876626478, -4.69405724373723, -8.558812523669895, -8.33796613358048, -7.377511657833011]]
[141183, [2.8124793879287004, 3.4678425709231835, -7.939894985923168, -4.204742876626478, -1.088188412571931, -8.558812523669895, 1.533966146291558, -7.377511657833011]]
[140219, [9.350485891454309, 3.4678425709231835, -7.939894985923168, -4.204742876626478, -4.69405724373723, 7.871848681865188, 1.533966146291558, -7.377511657833011]]
[100122, [4.504164283460643, -7.910118929457715, -9.498047026801114, 7.73174104139148, -4.69405724373723, 7.871848681865188, -8.33796613358048, -5.294162819964015]]
[85141, [2.8124793879287004, 3.4678425709231835, -7.939894985923168, -4.204742876626478, -4.69405724373723, -8.558812523669895, 1.533966146291558, -5.294162819964015]]
[31080, [3.6988489743353945, -8.207186895745195, -3.2470881212500524, 7.968750626473984, -6.5755002272302665, -2.731039627499352, -8.031217118745664, -2.459018473433485]]
[27, [-4.857561854702794, 9.577736196752259, -4.865535497521776, -4.186628722699162, -0.4563803256151484, -3.590859967352924, -5.2173955619989005, 6.458342657221479]]
[23, [-4.555195366608293, -8.632621113632307, -0.009080695424755092, -2.2595792179122327, 2.3339891883992436, -8.196720244842862, 5.474181499626422, -1.5675597185614176]]
[21, [-8.187703046796699, 7.869406940220909, -7.090616459619879, -8.497463761815887, 4.8740460484679, -8.454362248214382, 8.611527666580308, -6.134226056632583]]
[19, [-6.017359406196041, -7.188658810218693, -4.353123678590951, 4.117099440548078, 5.7215967773317296, -7.634217836347941, 7.261865143361565, -5.3486041858102285]]
[19, [-9.927181207235316, -9.637599716498212, -1.585717256188051, 7.2272772857205325, 1.063048357961371, -3.5687521663901673, 0.6586732165746074, 3.896401531064269]]
[16, [-5.484587183401091, -7.677019107448675, 1.7477658761478825, 4.90897319638526, 0.7012303835178475, 2.7320966052696463, 3.176355448774853, -7.086366016790901]]
[15, [-7.419402237860789, -2.7187605412033244, -9.498047026801114, -7.247433233435164, 8.201955997964077, 7.871848681865188, 1.533966146291558, -7.377511657833011]]
[15, [4.504164283460643, 3.4678425709231835, -7.939894985923168, 7.73174104139148, -1.088188412571931, 7.871848681865188, -8.33796613358048, -5.294162819964015]]
[15, [2.2970296848129674, -8.76245559039072, -4.778418978720205, 0.5058573336651477, -7.509148217934114, 8.095581864339302, 7.551292314829912, 4.156338646401846]]
[14, [3.482599361619501, -3.189296142631579, -5.923534536521977, 7.233516914727623, 7.816889694369738, 1.4488726690779394, 9.903133331838564, -0.94388925118289]]
[12, [-3.1451047702243358, 8.1896127340258, -3.921277417682205, 7.11580555599209, -4.958638575312584, -4.674712749076808, -9.08751342798508, 7.900612604922351]]
[9, [-0.5254476951184017, -4.470344407174389, -6.800526859353539, 5.957527371243909, 2.998127266285028, 4.777482201540344, 9.304226769218229, 6.403267214479104]]
average: [-0.8277441266173389, -1.2255414156140014, -5.760304299982479, -0.8810364178060037, -1.4039065359532796, -2.61994020347183, -0.3088238943695348, -3.960276996607744]
train for generation 2 take 166.51196455955505 seconds
total time for training: 218.5698184967041 seconds